49106073575 49612211869
46703041338 38403077074
43312165502 59212074109
46611247898 33003069591
47305012722 32612076945
43312165502 56203014761
68512036064 59012160417
36010149545 67506202906
55102064459 32710049947
46611247898 49810033096
66807116634 33402115179
69004134224 41008188501
64408019066 49804200493
64408019066 53303063637
64408019066 42604012706
69004134224 30803135507
47908111166 62411268916
47305012722 39207015152
46611247898 32612076945
32805272573 58302119319
64408019066 44603089648
46611247898 66909074433
65306171639 59012160417
36010149545 43702067155
39309093635 56909146214
36010149545 66909074433
46703041338 30307138832
65306171639 43309070737
47511154456 49608085096
63809224047 59712225763
59911128950 45112254062
59911128950 38205198929
43312165502 39207015152
49106073575 42804238827
65601054283 49801261482
36010149545 59505129044
65306171639 52307207370
69004134224 42804238827
69611163829 33402115179
49106073575 32612076945
47908111166 68512036064
46703041338 42904099623
47511154456 42804238827
59911128950 44402050228
43312165502 66807116634
47305012722 42904099623
65306171639 32710049947
46703041338 56203014761