46603141758 35812170071
31304080667 43710016478
60311179783 49401148595
31501257972 54208027725
56105265019 54208027725
48101241647 68701093542
60311179783 64409088917
57204176907 46107058831
57204176907 45808015357
57204176907 60105092492
31501257972 37612261902
44908255644 43112270028
64209119133 64206201614
56410225161 56407253874
66510222320 67502247456
69701240343 64409088917
31108101521 55503069608
31304080667 34701286741
48101241647 34605098736
56105265019 34201255572
57704017272 43710016478
46603141758 43109288672
69701240343 46107058831
60311179783 65811145499
57204176907 42302028338
30009272443 48006125230
30009272443 68312270943
69102281468 37601051344
44908255644 66905184208
44908255644 47607275242
56410225161 69607195103
69102281468 40509117824
69701240343 43710016478
64209119133 47607275242
58906194134 31501257972
57704017272 50410234191
46603141758 41409037214
69102281468 47511221136
60311179783 35809277757
62106142531 46603141758
44908255644 37707281506
56410225161 43112270028
31501257972 35812170071
56105265019 40001036464
66510222320 40509117824
30009272443 65811145499
48101241647 52908137019
31304080667 44612277205
52908137019 42412213110
31501257972 47607275242
64209119133 44411078543
64209119133 58906194134