30809160341 31808150680
38302025212 40809094294
57906139790 53809018709
62704046250 53112010643
42508244830 50204185690
48909030757 35201231365
48909030757 50012260479
30301064827 53809018709
48012049423 68310100100
32503226801 30312093035
32804083156 55910268403
62808052022 56109283380
62808052022 47812044014
32804083156 48308173933
31309151519 67605269350
62804182780 66201275277
30301064827 37806164349
37306100848 49605276082
30012065710 54912120539
40807279646 68805135738
63610074656 49605276082
62808052022 31810017784
30012065710 34302203759
48012049423 44802130486
30809160341 45007207603
48012049423 53901139901
59811177356 54902055503
40807279646 53706077470
62804182780 56109283380
36706032115 33305121431
62804182780 30301064827
31309151519 42304076117
30012065710 68310100100
48909030757 30410045379
42508244830 44203021521
32804083156 53112010643
30012065710 55910268403
37306100848 56907088862
40807279646 45007207603
31309151519 47812044014
30301064827 31808150680
30809160341 50204185690
32804083156 45007207603
41904030595 66806280151
31309151519 30809160341
63610074656 36610202813
50210063870 44707091469
50210063870 50204185690
37306100848 44707091469
42508244830 37806164349
50210063870 54902055503
40807279646 31910199634
48012049423 44212068748
38302025212 54912120539
62704046250 53706077470
41904030595 68310100100
42508244830 51607164986
39802254190 47710103113